111000000
010001001
010010010
010011011
010100100
010101101
000001111
000010001
000010010
000011010
000011011
000100011
000100100
000101100
000101101
000101100
000101011
000101010
000101001
000010001
000001101
100001001
011001010
010000000
010010010
010110110
000110000
100110110
001110101
010110001
010111111
110110111
111000000
000010111
010110110
000110000
100110110
111000000
011110111
001110101
010110001
111000000
110110111
111000000
000010111
010110110
000110000
100110110
111000000
011110111
011110111
001110101
010110001
111000001
110110111
111000000
000010111
010110110
000110000
100110110
111000000
011110111
011110111
011110111
001110101
010110001
111000000
010011011
000011111
111000001
000011111
110110011
111000000
000010111
111000000
000000111
010100100
000100111
000100101
010100000
111000010
110100111
010000000
000000101
111000000
000000111
000000111
101010000
010000000
010010010
010110110
000110000
100110110
001110101
010110001
010011011
111000000
000011111
111000010
000011111
110110011
111000000
000010111
111000011
110010111
010110110
000110000
100110110
111000000
011110111
001110101
010110001
000011111
110110011
111000000
000010111
111000011
110010111
010110110
000110000
100110110
111000000
011110111
011110111
001110101
010110001
000011111
110110011
111000000
000010111
111000011
110010111
010110110
000110000
100110110
111000000
011110111
011110111
011110111
001110101
010110001
000011111
110110011
111000000
000010111
111000000
000000111
010100100
000100111
000100101
010100000
010011011
111000011
000011111
111000000
000011111
110100011
010000000
000000101
111000000
000000111
000000111
000000111
101010000
010000000
010010010
000001001
000001001
000001001
000101101
000101101
000101101
010110110
000110000
100110110
001110101
010110001
010011011
111000011
000011111
111000001
000011111
110110011
111000000
000010111
010110110
000110000
100110110
000110110
001110101
010110001
111000000
000011111
110110011
111000000
000010111
010110110
000110000
100110110
000110110
000110110
001110101
010110001
111000000
000011111
110110011
111000000
000010111
010110110
000110000
100110110
000110110
000110110
000110110
001110101
010110001
111000000
000011111
110110011
111000000
000010111
010110110
000110000
010100100
000100110
100110110
000110110
000110110
000110110
000110110
111000000
000100111
100100100
011100111
011100111
011100111
011100111
000110100
001110101
010110001
111000000
000011111
110110011
111000000
000010111
010110110
000110000
010100100
000100110
100110110
000110110
000110110
000110110
000110110
000110110
111000000
000100111
100100100
011100111
011100111
011100111
011100111
000100100
000110100
001110101
010110001
111000000
000011111
110110011
111000000
000010111
010110110
000110000
010100100
000100110
100110110
000110110
000110110
000110110
000110110
000110110
000110110
111000000
000100111
100100100
011100111
011100111
011100111
011100111
000100100
000100100
000110100
001110101
010110001
111000000
000011111
110110011
111000000
000010111
010110110
000110000
010100100
000100110
100110110
000110110
000110110
000110110
000110110
000110110
000110110
000110110
111000000
000100111
100100100
011100111
011100111
011100111
011100111
000100100
000100100
000100100
000110100
001110101
010110001
111000000
000011111
110110011
111000000
000010111
111000000
000000111
010100100
111001001
000100111
111000000
000100111
010100000
000011111
110100011
010110110
000110000
100110110
001110101
010110001
010011011
111000100
000011111
111000001
000011111
111000000
000011111
110110011
111000000
000010111
010110110
000110000
100110110
000110110
001110101
010110001
111000000
000011111
110110011
111000000
000010111
010110110
000110000
100110110
000110110
000110110
001110101
010110001
111000000
000011111
110110011
111000000
000010111
010110110
000110000
100110110
000110110
000110110
000110110
001110101
010110001
111000000
000011111
110110011
111000000
000010111
010000000
111000101
000000111
111000001
000000111
111000000
000000111
101010000
111111111