010000000
010001001
010010010
010011011
010100100
010101101
010110110
111000000
000001111
111001000
000100111
000100000
100010100
111000010
000101111
010100100
000100010
011100101
001100001
000110100
000101001
010100100
000100010
011100101
001100001
010110100
000101001
010100100
000100010
011100101
001100001
010110100
000101001
010100100
000100010
011100101
001100001
010110100
111001000
000011001
000011111
000011000
100011011
010100100
010101101
000100011
001100001
010110100
000101001
010100100
000100011
011100101
001100001
010110100
000101001
010100100
000100011
011100101
001100001
010110100
010100100
111001001
000100111
111000011
000100111
111001001
000100111
101110100
000101101
010100100
000100010
011100101
001100001
000100100
000110100
000101001
010100100
000100010
011100101
001100001
000100100
000100100
000110100
000101001
010100100
000100010
011100101
001100001
000100100
000100100
000100100
000110100
000101001
010100100
000100010
011100101
001100001
000100100
000100100
000100100
000100100
000110100
010100100
010101101
000100011
001100001
000100100
000100100
000100100
000100100
000100100
000110100
000101001
010100100
000100011
011100101
001100001
000100100
000100100
000100100
000100100
000100100
000100100
000110100
000101001
010100100
000100011
011100101
001100001
000100100
000100100
000100100
000100100
000100100
000100100
000100100
000110100
111001001
010100100
000100000
000100001
000100111
101110100
010101101
010110110
010100100
000101001
000100010
011100101
001100001
000110100
000101001
010100100
000100010
011100101
001100001
010110100
000101001
010100100
000100010
011100101
001100001
010110100
000101101
000101001
010100100
000100010
011100101
001100001
010110100
010101101
010100100
000100011
001100001
010110100
000101001
010100100
000100010
011100101
001100001
010110100
000101001
010100100
000100010
011100101
001100001
010110100
010100100
111001001
000100111
111000010
000100111
111001001
000100111
101110100
010101101
010110110
010100100
000100010
001100001
000110100
010100100
000101001
000101101
000100010
011100101
001100001
010110100
010100100
000101001
000100010
011100101
001100001
010110100
010100100
000101001
000101001
000100010
011100101
001100001
010110100
010100100
000101001
000100010
011100101
001100001
010110100
010100100
010101101
000101001
000100011
011100101
001100001
010110100
010100100
000101001
000100011
011100101
001100001
010110100
010100100
111001001
000100111
111000001
000100111
111001001
000100111
101110100
010101101
010110110
010100100
000100010
001100001
000110100
010100100
000101001
000100010
011100101
001100001
010110100
010100100
000101001
000101001
000100010
011100101
001100001
010110100
010100100
000101001
000100010
011100101
001100001
010110100
010100100
000101001
000101001
000100010
011100101
001100001
010110100
010100100
010101101
000100011
001100001
010110100
010100100
000101001
000101001
000100010
011100101
001100001
010110100
010100100
111001001
000100111
000100001
111001001
000100111
101110100
010101101
010100100
111001001
000100111
111000001
000100111
111001001
000100111
100101100
010110101
010100100
111001001
000100111
111000010
000100111
111001001
000100111
100101100
010110101
010100100
111001001
000100111
111000011
000100111
111001001
000100111
100101100
010110101
010101101
010100100
000100010
001100001
010110100
010100100
000101001
000100010
011100101
001100001
010110100
010100100
000101001
000100010
011100101
001100001
010110100
010100100
000101001
000100010
011100101
001100001
010110100
010100100
000101001
000100010
011100101
001100001
010110100
010100100
000101001
000100010
011100101
001100001
010110100
010100100
000101001
000100010
011100101
001100001
010110100
010100100
000101001
000100010
011100101
001100001
010110100
010101101
010100100
000100011
001100001
010110100
010100100
000101001
000100011
011100101
001100001
010110100
010100100
000101001
000100011
011100101
001100001
010110100
010100100
111001001
000100111
000100001
111001001
000100111
100101100
000101101
000110101
010100100
111001001
000100111
111000001
000100111
111001001
000100111
100101100
000101101
000101101
000110101
010100100
000100010
001100001
000100100
000100100
000100100
000110100
010100100
111001001
000100111
111000010
000100111
111001001
000100111
100101100
000101101
000101101
000101101
000101101
000110101
010101101
010100100
000101001
000100010
011100101
001100001
000100100
000100100
000100100
000100100
000100100
000110100
010100100
000101001
000100010
011100101
001100001
000100100
000100100
000100100
000100100
000100100
000100100
000110100
010100100
000101001
000100010
011100101
001100001
000100100
000100100
000100100
000100100
000100100
000100100
000100100
000110100
111001001
010100100
000100000
000100111
101110100
000000001
000000001
111001001
010100100
000100000
010100111
111001000
110100111
111111111
