010000000
010001001
010010010
010011011
010100100
010101101
010110110
111000000
000001111
111001001
000010111
000010000
100010010
000011001
111001001
000011111
000011000
100011011
000101001
000100011
011100101
001100001
000110100
000101001
010100100
000100011
011100101
001100001
010110100
000101001
010100100
000100011
011100101
001100001
010110100
000101001
010100100
000100011
011100101
001100001
010110100
000101001
010100100
000100011
011100101
001100001
010110100
000101001
010100100
000100011
011100101
001100001
010110100
000101001
010100100
000100011
011100101
001100001
010110100
010100100
111001001
000100111
111000011
000100111
111001001
000100111
101110100
010101101
010110110
000101001
000101101
000101101
000101001
010100100
000100010
011100101
001100001
000110100
000101001
010100100
000100010
011100101
001100001
010110100
000101001
010100100
000100010
011100101
001100001
010110100
010101101
000101001
000101101
000101101
010100100
000100011
011100101
001100001
010110100
000101001
010100100
000100011
011100101
001100001
010110100
000101001
010100100
000100011
011100101
001100001
010110100
000101001
010100100
000100011
011100101
001100001
010110100
010100100
111001001
000100111
111000010
000100111
111001001
000100111
101110100
010101101
010110110
000101001
000101001
000101001
010100100
000100010
011100101
001100001
000110100
000101101
010100100
000100010
011100101
001100001
010110100
000101001
010100100
000100010
011100101
001100001
010110100
010101101
000101001
000101101
010100100
000100011
011100101
001100001
010110100
000101001
010100100
000100011
011100101
001100001
010110100
000101101
010100100
000100011
011100101
001100001
010110100
000101001
010100100
000100011
011100101
001100001
010110100
010100100
111001001
000100111
111000001
000100111
111001001
000100111
101110100
010101101
010110110
000101001
000101101
000101001
010100100
000100010
011100101
001100001
000110100
000101001
000101001
010100100
000100010
011100101
001100001
010110100
000101001
000101001
010100100
000100010
011100101
001100001
010110100
010101101
000101001
010100100
000100011
011100101
001100001
010110100
000101001
000101001
010100100
000100011
011100101
001100001
010110100
000101001
000101001
010100100
000100011
011100101
001100001
010110100
000101001
000101001
010100100
000100011
011100101
001100001
010110100
010100100
111001001
000100111
000100001
111001001
000100111
101110100
010101101
010110110
000101001
010100100
000100010
011100101
001100001
000110100
000101001
010100100
000100010
011100101
001100001
010110100
000101001
010100100
000100010
011100101
001100001
010110100
000101001
010100100
000100010
011100101
001100001
010110100
000101001
010100100
000100010
011100101
001100001
010110100
000101001
010100100
000100010
011100101
001100001
010110100
000101001
010100100
000100010
011100101
001100001
010110100
010101101
010100100
000100011
001100001
010110100
000101001
010100100
000100011
011100101
001100001
010110100
000101001
010100100
000100011
011100101
001100001
010110100
000101001
010100100
000100011
011100101
001100001
010110100
000101001
010100100
000100011
011100101
001100001
010110100
000101001
010100100
000100011
011100101
001100001
010110100
000101001
010100100
000100011
011100101
001100001
010110100
000101001
010100100
000100011
011100101
001100001
010110100
010100100
111001001
000100111
111001001
000100111
101110100
010101101
010110110
000101001
010100100
000100010
011100101
001100001
000110100
000101001
010100100
000100010
011100101
001100001
000100100
000110100
000101101
010100100
000100010
011100101
001100001
000100100
000100100
000110100
010100100
000100011
001100001
000100100
000100100
000100100
000110100
010100100
111001001
000100001
000100001
000100001
000100111
111001001
000100111
101110100
010110110
010100100
111001001
000100111
000100001
111001001
000100111
100101100
000110101
010100100
111001001
000100111
111000001
000100111
111001001
000100111
100101100
000101101
000110101
010100100
111001001
000100111
111000010
000100111
111001001
000100111
100101100
000101101
000101101
000110101
010100100
111001001
000100111
111000011
000100111
111001001
000100111
100101100
000101101
000101101
000101101
000110101
010100100
111001001
000100001
000100001
000100001
000100111
111001001
000100111
100101100
010110101
010010010
010101101
000101001
010011011
000011110
011011001
011011001
011011001
001011001
111000001
110011111
010011011
000011010
010011110
000101101
000010001
110011001
111000001
000111001
110001111
010100100
111001010
000100110
001100111
010011011
000011010
010011100
000101101
000010001
111000001
110011111
111000010
110001111
011101001
010100100
000100101
010101101
111000010
000111001
110001111
010100100
011101001
010011011
000011001
111001001
000011111
000011000
100011011
010010010
111001001
000010111
000010000
100010010
010011101
010101101
000101010
001101001
010010100
010100100
111001001
000100111
111001001
000100111
100100100
010100101
111001010
110100111
010100100
010100110
111000010
000111001
000111001
110100111
010101101
111000011
110001111
111000100
010101101
000101111
111000011
110001111
111000011
010101101
000101111
010110110
010100100
000100010
011100001
011100001
011100001
001100001
000110100
010100100
000100010
011100001
011100001
011100001
011100001
011100001
001100001
000100100
000110100
010100100
000100010
011100001
011100001
011100001
011100001
011100001
011100001
001100001
000100100
000100100
000110100
010100100
000100010
011100001
011100001
011100001
011100001
011100001
011100001
011100001
001100001
000100100
000100100
000100100
000110100
010100100
000100011
011100001
001100001
000100100
000100100
000100100
000100100
000110100
010100100
000100011
011100001
011100001
001100001
000100100
000100100
000100100
000100100
000100100
000110100
010100100
000100011
011100001
011100001
011100001
001100001
000100100
000100100
000100100
000100100
000100100
000100100
000110100
010100100
000100011
011100001
011100001
011100001
011100001
001100001
000100100
000100100
000100100
000100100
000100100
000100100
000100100
000110100
010100100
000100000
101110100
010110110
010100100
000100011
011100001
011100001
011100001
011100001
011100001
001100001
000110100
010100100
000100011
011100001
011100001
011100001
011100001
011100001
011100001
001100001
000100100
000110100
010100100
000100011
011100001
011100001
011100001
011100001
011100001
011100001
011100001
001100001
000100100
000100100
000110100
010100100
000100101
001100001
000100100
000100100
000100100
000110100
010100100
000100101
011100001
001100001
000100100
000100100
000100100
000100100
000110100
010100100
000100101
011100001
011100001
001100001
000100100
000100100
000100100
000100100
000100100
000110100
010100100
000100101
011100001
011100001
011100001
001100001
000100100
000100100
000100100
000100100
000100100
000100100
000110100
010100100
000100101
011100001
011100001
011100001
011100001
001100001
000100100
000100100
000100100
000100100
000100100
000100100
000100100
000110100
010100100
000100000
000100001
101110100
000000001
000000001
111001001
010100100
000100000
010100111
111001000
110100111
111111111
